%YAML:1.0
points: [ 3.58917328e+02, 3.41707214e+02, 3.33822968e+02, 3.41026489e+02,
    3.09392883e+02, 3.39967834e+02, 2.85629486e+02, 3.39191193e+02,
    2.62330414e+02, 3.38481232e+02, 3.58200165e+02, 3.17556854e+02,
    3.33019928e+02, 3.16998962e+02, 3.08697632e+02, 3.16499634e+02,
    2.84820465e+02, 3.15610168e+02, 2.61271515e+02, 3.15279144e+02,
    3.57493408e+02, 2.93252777e+02, 3.32183319e+02, 2.92860779e+02,
    3.07727570e+02, 2.92462982e+02, 2.83848938e+02, 2.92415344e+02,
    2.60482574e+02, 2.91733551e+02, 3.56784851e+02, 2.68887970e+02,
    3.31316589e+02, 2.68557892e+02, 3.06816986e+02, 2.68548950e+02,
    2.82940186e+02, 2.68606567e+02, 2.59580994e+02, 2.68446350e+02,
    3.56055511e+02, 2.44182449e+02, 3.30411407e+02, 2.44251923e+02,
    3.06138916e+02, 2.44465179e+02, 2.82142822e+02, 2.44775040e+02,
    2.58829895e+02, 2.45012405e+02, 3.55217621e+02, 2.19314713e+02,
    3.29371246e+02, 2.20191055e+02, 3.05139404e+02, 2.20475540e+02,
    2.81212952e+02, 2.21348328e+02, 2.58000397e+02, 2.22007935e+02,
    3.54338989e+02, 1.94685883e+02, 3.28751953e+02, 1.95366150e+02,
    3.04171234e+02, 1.96777328e+02, 2.80360168e+02, 1.97329849e+02,
    2.56796844e+02, 1.98462280e+02 ]
