%YAML:1.0
points: [ 8.98949707e+02, 8.31405029e+02, 8.06870361e+02, 8.31985046e+02,
    7.16421509e+02, 8.31417175e+02, 6.25442200e+02, 8.32143250e+02,
    5.34280823e+02, 8.32723389e+02, 8.97646484e+02, 7.39750244e+02,
    8.05338501e+02, 7.40570862e+02, 7.14429077e+02, 7.40572083e+02,
    6.23450256e+02, 7.41182861e+02, 5.31588928e+02, 7.42325562e+02,
    8.96362976e+02, 6.48137695e+02, 8.03440796e+02, 6.49008057e+02,
    7.12614197e+02, 6.49237366e+02, 6.20690857e+02, 6.50344910e+02,
    5.29394409e+02, 6.51011108e+02, 8.94897766e+02, 5.55370728e+02,
    8.02312195e+02, 5.56226562e+02, 7.10640320e+02, 5.57055664e+02,
    6.18610168e+02, 5.58369629e+02, 5.27539001e+02, 5.59307190e+02,
    8.93729858e+02, 4.61462891e+02, 8.00667114e+02, 4.62789642e+02,
    7.08318726e+02, 4.64185547e+02, 6.17153320e+02, 4.65454498e+02,
    5.25614319e+02, 4.66560669e+02, 8.92439514e+02, 3.66880829e+02,
    7.98629822e+02, 3.68747986e+02, 7.06295837e+02, 3.70483978e+02,
    6.14294006e+02, 3.72120239e+02, 5.22113037e+02, 3.73608612e+02,
    8.90885986e+02, 2.71407013e+02, 7.96757507e+02, 2.73682526e+02,
    7.03535706e+02, 2.75656891e+02, 6.10317261e+02, 2.77046539e+02,
    5.17141052e+02, 2.78862457e+02 ]
