%YAML:1.0
points: [ 3.13153015e+02, 3.46554108e+02, 2.85761810e+02, 3.45684906e+02,
    2.58929840e+02, 3.44337189e+02, 2.32361481e+02, 3.43362549e+02,
    2.06373367e+02, 3.42391815e+02, 3.13185577e+02, 3.19165344e+02,
    2.85563324e+02, 3.18320892e+02, 2.58707489e+02, 3.17307007e+02,
    2.32392288e+02, 3.16358612e+02, 2.06303131e+02, 3.16156860e+02,
    3.12877350e+02, 2.91629852e+02, 2.85303131e+02, 2.91184998e+02,
    2.58435455e+02, 2.90388153e+02, 2.32171387e+02, 2.89941498e+02,
    2.06168152e+02, 2.89351410e+02, 3.13192932e+02, 2.65027100e+02,
    2.84895508e+02, 2.63895874e+02, 2.58706543e+02, 2.64039215e+02,
    2.32023758e+02, 2.63535034e+02, 2.06135040e+02, 2.62913727e+02,
    3.12747314e+02, 2.36799454e+02, 2.84494965e+02, 2.36468552e+02,
    2.57904785e+02, 2.36833878e+02, 2.31734940e+02, 2.36492584e+02,
    2.06316925e+02, 2.36366714e+02, 3.12415436e+02, 2.10216187e+02,
    2.84170197e+02, 2.10411240e+02, 2.57854340e+02, 2.09804016e+02,
    2.31878052e+02, 2.10320602e+02, 2.06173065e+02, 2.10522278e+02,
    3.11440125e+02, 1.82779358e+02, 2.85057922e+02, 1.82943283e+02,
    2.57337158e+02, 1.83908768e+02, 2.32023682e+02, 1.84033752e+02,
    2.05695496e+02, 1.84162735e+02 ]
