%YAML:1.0
points: [ 6.73983887e+02, 4.20549805e+02, 7.48779358e+02, 4.22259216e+02,
    8.23405945e+02, 4.22817474e+02, 8.98333496e+02, 4.23837067e+02,
    9.74180359e+02, 4.24848022e+02, 6.92437866e+02, 4.64483215e+02,
    7.62759277e+02, 4.65771942e+02, 8.32898621e+02, 4.67743225e+02,
    9.03525269e+02, 4.69454254e+02, 9.75129700e+02, 4.70329346e+02,
    7.08267883e+02, 5.04092194e+02, 7.74843994e+02, 5.05932220e+02,
    8.41325195e+02, 5.07996796e+02, 9.08239563e+02, 5.09330200e+02,
    9.75776489e+02, 5.10705750e+02, 7.22412537e+02, 5.41344727e+02,
    7.85582825e+02, 5.43512634e+02, 8.48835632e+02, 5.45129150e+02,
    9.12317261e+02, 5.47035522e+02, 9.76503723e+02, 5.48516479e+02,
    7.34993347e+02, 5.75397339e+02, 7.95074890e+02, 5.77861938e+02,
    8.55364868e+02, 5.79298218e+02, 9.16126343e+02, 5.80681030e+02,
    9.77211060e+02, 5.80763855e+02, 7.46604187e+02, 6.05692932e+02,
    8.04174194e+02, 6.07274048e+02, 8.61564758e+02, 6.08928284e+02,
    9.19341370e+02, 6.10066833e+02, 9.77802917e+02, 6.11084961e+02,
    7.57091064e+02, 6.33509583e+02, 8.12200439e+02, 6.34548645e+02,
    8.67405640e+02, 6.34940125e+02, 9.22705750e+02, 6.35667053e+02,
    9.78485535e+02, 6.36550476e+02 ]
