%YAML:1.0
points: [ 1.68556122e+02, 3.34511810e+02, 1.53991867e+02, 3.35704254e+02,
    1.39535934e+02, 3.36710144e+02, 1.24803795e+02, 3.37782623e+02,
    1.10039101e+02, 3.38817413e+02, 1.68062363e+02, 3.20265320e+02,
    1.53536438e+02, 3.21408997e+02, 1.38939301e+02, 3.22414368e+02,
    1.24352692e+02, 3.23417053e+02, 1.09631897e+02, 3.24389130e+02,
    1.67555115e+02, 3.06128510e+02, 1.53019363e+02, 3.07220062e+02,
    1.38546310e+02, 3.08094574e+02, 1.23779335e+02, 3.09125397e+02,
    1.09097519e+02, 3.10066803e+02, 1.67183640e+02, 2.91961639e+02,
    1.52549454e+02, 2.92885284e+02, 1.38115372e+02, 2.93825195e+02,
    1.23428825e+02, 2.94795319e+02, 1.08743240e+02, 2.95654968e+02,
    1.66665375e+02, 2.77745026e+02, 1.52223724e+02, 2.78608795e+02,
    1.37674667e+02, 2.79475128e+02, 1.23103439e+02, 2.80250916e+02,
    1.08406204e+02, 2.81056976e+02, 1.66298401e+02, 2.63574738e+02,
    1.51826416e+02, 2.64350952e+02, 1.37286469e+02, 2.65233917e+02,
    1.22684074e+02, 2.65989441e+02, 1.07941101e+02, 2.66858002e+02,
    1.65899277e+02, 2.49478241e+02, 1.51396423e+02, 2.50295563e+02,
    1.36881470e+02, 2.51103378e+02, 1.22176529e+02, 2.51865051e+02,
    1.07326523e+02, 2.52675079e+02 ]
