%YAML:1.0
points: [ 1.44644104e+02, 1.47818741e+02, 1.66171249e+02, 1.51409302e+02,
    1.85244675e+02, 1.54461227e+02, 2.02666046e+02, 1.57450821e+02,
    2.18542816e+02, 1.59910934e+02, 1.44426224e+02, 1.73556396e+02,
    1.65898056e+02, 1.75498932e+02, 1.85468353e+02, 1.77598999e+02,
    2.02859711e+02, 1.79098328e+02, 2.18745865e+02, 1.80809158e+02,
    1.44437500e+02, 1.98925644e+02, 1.65965515e+02, 1.99838928e+02,
    1.85527084e+02, 2.00427475e+02, 2.03183548e+02, 2.00979904e+02,
    2.19083466e+02, 2.01663254e+02, 1.44770844e+02, 2.24791183e+02,
    1.66379654e+02, 2.24223343e+02, 1.85663086e+02, 2.23649063e+02,
    2.03129303e+02, 2.23200165e+02, 2.19356277e+02, 2.22750122e+02,
    1.44924149e+02, 2.50519104e+02, 1.66597015e+02, 2.48660858e+02,
    1.85533386e+02, 2.46811249e+02, 2.03277039e+02, 2.45404861e+02,
    2.19139252e+02, 2.43880768e+02, 1.45086685e+02, 2.76478668e+02,
    1.66274963e+02, 2.73037750e+02, 1.85704605e+02, 2.69948547e+02,
    2.02985535e+02, 2.66940277e+02, 2.18899063e+02, 2.64811127e+02,
    1.44912598e+02, 3.02331726e+02, 1.66243057e+02, 2.97807678e+02,
    1.85476013e+02, 2.93469208e+02, 2.03165466e+02, 2.89756378e+02,
    2.18777557e+02, 2.86260925e+02 ]
