%YAML:1.0
points: [ 9.49144470e+02, 5.73946777e+02, 8.71873596e+02, 5.72455078e+02,
    7.96197510e+02, 5.74595215e+02, 7.20397644e+02, 5.73197327e+02,
    6.44564758e+02, 5.71791809e+02, 9.53291687e+02, 5.31579285e+02,
    8.80534851e+02, 5.30255981e+02, 8.08915833e+02, 5.32495117e+02,
    7.37510559e+02, 5.31409668e+02, 6.65716919e+02, 5.29393250e+02,
    9.56868408e+02, 4.93271881e+02, 8.88155457e+02, 4.93153992e+02,
    8.20501831e+02, 4.95421814e+02, 7.52639282e+02, 4.93008453e+02,
    6.85130615e+02, 4.93115234e+02, 9.60272034e+02, 4.58517639e+02,
    8.95376038e+02, 4.60900574e+02, 8.30795532e+02, 4.61425842e+02,
    7.66586853e+02, 4.60426392e+02, 7.02521912e+02, 4.60703125e+02,
    9.63496948e+02, 4.29207123e+02, 9.01542542e+02, 4.30678131e+02,
    8.40159241e+02, 4.30728912e+02, 7.79298523e+02, 4.31744019e+02,
    7.18275452e+02, 4.32036835e+02, 9.66041016e+02, 4.02528564e+02,
    9.07067078e+02, 4.03349152e+02, 8.48619934e+02, 4.04174164e+02,
    7.90482361e+02, 4.05129364e+02, 7.32303467e+02, 4.04839203e+02,
    9.68703186e+02, 3.77741455e+02, 9.12144714e+02, 3.78909424e+02,
    8.56265991e+02, 3.80107208e+02, 8.00523193e+02, 3.79618988e+02,
    7.44737610e+02, 3.79532043e+02 ]
