%YAML:1.0
points: [ 4.08557800e+02, 2.51467102e+02, 4.16941101e+02, 2.51951035e+02,
    4.25700653e+02, 2.52487320e+02, 4.34433533e+02, 2.52928268e+02,
    4.43443909e+02, 2.53443314e+02, 4.08718018e+02, 2.59367920e+02,
    4.17115845e+02, 2.59943970e+02, 4.25691376e+02, 2.60643280e+02,
    4.34546478e+02, 2.61101410e+02, 4.43458130e+02, 2.61870758e+02,
    4.08816681e+02, 2.67224823e+02, 4.17186432e+02, 2.67936401e+02,
    4.25763245e+02, 2.68649689e+02, 4.34627350e+02, 2.69449432e+02,
    4.43551392e+02, 2.70021332e+02, 4.08824799e+02, 2.75242249e+02,
    4.17240967e+02, 2.76069061e+02, 4.25816406e+02, 2.76831024e+02,
    4.34622009e+02, 2.77636719e+02, 4.43551392e+02, 2.78476562e+02,
    4.08852539e+02, 2.83168304e+02, 4.17299103e+02, 2.84057373e+02,
    4.25787689e+02, 2.84861572e+02, 4.34620422e+02, 2.85846466e+02,
    4.43586884e+02, 2.86628082e+02, 4.08873047e+02, 2.91046875e+02,
    4.17466125e+02, 2.91990997e+02, 4.25791565e+02, 2.93029663e+02,
    4.34678314e+02, 2.93901367e+02, 4.43598633e+02, 2.94968689e+02,
    4.08938568e+02, 2.98924500e+02, 4.17537170e+02, 2.99962189e+02,
    4.25851440e+02, 3.00964081e+02, 4.34689941e+02, 3.02167145e+02,
    4.43563599e+02, 3.03042450e+02 ]
