%YAML:1.0
points: [ 3.66171112e+02, 3.03302948e+02, 3.51773895e+02, 2.97843719e+02,
    3.39379395e+02, 2.93482056e+02, 3.28088379e+02, 2.89553802e+02,
    3.17688934e+02, 2.86042725e+02, 3.66146454e+02, 2.78971558e+02,
    3.52137360e+02, 2.75736664e+02, 3.39723419e+02, 2.72200348e+02,
    3.28541962e+02, 2.69329376e+02, 3.18143158e+02, 2.66517639e+02,
    3.66802551e+02, 2.55310654e+02, 3.52348267e+02, 2.52918869e+02,
    3.40294281e+02, 2.50786972e+02, 3.28749817e+02, 2.49055573e+02,
    3.18879395e+02, 2.47643021e+02, 3.67125366e+02, 2.31347153e+02,
    3.53262360e+02, 2.30586319e+02, 3.40847015e+02, 2.29822433e+02,
    3.29574585e+02, 2.29232544e+02, 3.19723480e+02, 2.28371689e+02,
    3.67753967e+02, 2.07891052e+02, 3.53884766e+02, 2.08367096e+02,
    3.41470795e+02, 2.08818253e+02, 3.30585938e+02, 2.09075409e+02,
    3.20775513e+02, 2.09512436e+02, 3.68730713e+02, 1.84210526e+02,
    3.54536591e+02, 1.86225235e+02, 3.42176178e+02, 1.87717758e+02,
    3.31350800e+02, 1.89363525e+02, 3.21133698e+02, 1.90500397e+02,
    3.69519409e+02, 1.60926727e+02, 3.55329559e+02, 1.64081345e+02,
    3.42896393e+02, 1.66917160e+02, 3.31422821e+02, 1.69358841e+02,
    3.21342926e+02, 1.71826920e+02 ]
