%YAML:1.0
points: [ 2.95567902e+02, 2.25029892e+02, 2.78519073e+02, 2.25085907e+02,
    2.61735931e+02, 2.25265564e+02, 2.45344757e+02, 2.25387863e+02,
    2.28914703e+02, 2.25379730e+02, 2.94015686e+02, 2.15529556e+02,
    2.76198639e+02, 2.15912018e+02, 2.59010284e+02, 2.16181915e+02,
    2.41992340e+02, 2.16200729e+02, 2.25173813e+02, 2.16266525e+02,
    2.92344147e+02, 2.05482285e+02, 2.73988617e+02, 2.06136948e+02,
    2.55849625e+02, 2.06154358e+02, 2.38347519e+02, 2.06320496e+02,
    2.20938721e+02, 2.06238556e+02, 2.90690308e+02, 1.94651520e+02,
    2.71332031e+02, 1.94947952e+02, 2.52759247e+02, 1.94978043e+02,
    2.34455414e+02, 1.95184464e+02, 2.16490082e+02, 1.95272659e+02,
    2.88760071e+02, 1.82240601e+02, 2.68782349e+02, 1.82495590e+02,
    2.49228226e+02, 1.82983521e+02, 2.30163300e+02, 1.83157730e+02,
    2.11326630e+02, 1.83299118e+02, 2.86690552e+02, 1.68868546e+02,
    2.65288910e+02, 1.71199097e+02, 2.45371124e+02, 1.70066635e+02,
    2.25425201e+02, 1.70285995e+02, 2.05835541e+02, 1.70714996e+02,
    2.84129608e+02, 1.54118713e+02, 2.62316620e+02, 1.55189072e+02,
    2.40993835e+02, 1.55879639e+02, 2.20284897e+02, 1.56380310e+02,
    1.99652710e+02, 1.57317780e+02 ]
