%YAML:1.0
points: [ 2.75021912e+02, 2.03823380e+02, 2.87329376e+02, 2.03455902e+02,
    2.99538330e+02, 2.00555954e+02, 3.12748413e+02, 2.00654266e+02,
    3.26009949e+02, 2.00758530e+02, 2.76241882e+02, 2.09469482e+02,
    2.88615906e+02, 2.09767792e+02, 3.00867340e+02, 2.09839050e+02,
    3.13155701e+02, 2.07519440e+02, 3.26150177e+02, 2.11168610e+02,
    2.76241882e+02, 2.09469498e+02, 2.88615906e+02, 2.09767822e+02,
    3.01620667e+02, 2.17282089e+02, 3.13801178e+02, 2.16880692e+02,
    3.26214996e+02, 2.16639099e+02, 2.79137787e+02, 2.21827164e+02,
    2.90834991e+02, 2.22723984e+02, 3.02467499e+02, 2.22829819e+02,
    3.14286438e+02, 2.23143692e+02, 3.26305054e+02, 2.23531403e+02,
    2.79137817e+02, 2.21827179e+02, 2.91794891e+02, 2.28816605e+02,
    3.03074829e+02, 2.28885727e+02, 3.14674438e+02, 2.29431320e+02,
    3.26305054e+02, 2.23531418e+02, 2.81657959e+02, 2.33482819e+02,
    2.92735138e+02, 2.33982452e+02, 3.03857452e+02, 2.34556732e+02,
    3.15111176e+02, 2.34489258e+02, 3.26365356e+02, 2.29389526e+02,
    2.81657959e+02, 2.33482834e+02, 2.92735138e+02, 2.33982468e+02,
    3.03857452e+02, 2.34556732e+02, 3.15111176e+02, 2.34489273e+02,
    3.26542480e+02, 2.34437256e+02 ]
