%YAML:1.0
points: [ 4.02547455e+02, 1.41012939e+02, 4.58117249e+02, 1.61759171e+02,
    5.06441284e+02, 1.80176590e+02, 5.50596069e+02, 1.96314133e+02,
    5.90897217e+02, 2.11076035e+02, 4.06085754e+02, 2.14262802e+02,
    4.61515137e+02, 2.30182053e+02, 5.11032532e+02, 2.44550323e+02,
    5.54873901e+02, 2.57288330e+02, 5.94580383e+02, 2.68742645e+02,
    4.10778107e+02, 2.86529877e+02, 4.66227020e+02, 2.98196381e+02,
    5.15404846e+02, 3.08547424e+02, 5.58688965e+02, 3.18121490e+02,
    5.98667419e+02, 3.26348846e+02, 4.17154907e+02, 3.58540131e+02,
    4.72122620e+02, 3.65913940e+02, 5.19185669e+02, 3.72479980e+02,
    5.62726501e+02, 3.78379944e+02, 6.02881348e+02, 3.83445770e+02,
    4.22682159e+02, 4.30073914e+02, 4.76843292e+02, 4.33258484e+02,
    5.22926758e+02, 4.35932220e+02, 5.67457581e+02, 4.38351959e+02,
    6.05263428e+02, 4.40506073e+02, 4.27972992e+02, 5.01262726e+02,
    4.80270386e+02, 5.00041962e+02, 5.27223511e+02, 4.98844360e+02,
    5.70885193e+02, 4.97879669e+02, 6.07843506e+02, 4.97145386e+02,
    4.31785858e+02, 5.71973999e+02, 4.84573242e+02, 5.66529480e+02,
    5.30596191e+02, 5.61694275e+02, 5.74260132e+02, 5.57376038e+02,
    6.11065918e+02, 5.53566467e+02 ]
