%YAML:1.0
points: [ 6.41486130e+01, 1.52781296e+02, 7.52482681e+01, 1.52708633e+02,
    8.63099518e+01, 1.52734390e+02, 9.72310638e+01, 1.52618317e+02,
    1.08120171e+02, 1.52576431e+02, 6.46890030e+01, 1.63171234e+02,
    7.58820190e+01, 1.62924576e+02, 8.67549820e+01, 1.62816650e+02,
    9.77007523e+01, 1.62744690e+02, 1.08606956e+02, 1.62606308e+02,
    6.51905975e+01, 1.73592819e+02, 7.62777252e+01, 1.73260147e+02,
    8.73064041e+01, 1.72912018e+02, 9.82513962e+01, 1.72787537e+02,
    1.09064987e+02, 1.72642960e+02, 6.57115631e+01, 1.83793808e+02,
    7.67865219e+01, 1.83673538e+02, 8.78162155e+01, 1.83203476e+02,
    9.87301331e+01, 1.82851868e+02, 1.09466614e+02, 1.82678833e+02,
    6.61570129e+01, 1.94080399e+02, 7.73011246e+01, 1.93703659e+02,
    8.83905640e+01, 1.93481583e+02, 9.92220383e+01, 1.92935898e+02,
    1.10095787e+02, 1.92732300e+02, 6.66691971e+01, 2.04400299e+02,
    7.78904419e+01, 2.03926743e+02, 8.88191757e+01, 2.03655807e+02,
    9.97645950e+01, 2.03075424e+02, 1.10570892e+02, 2.02671646e+02,
    6.72676468e+01, 2.14762894e+02, 7.84228363e+01, 2.14103867e+02,
    8.94208832e+01, 2.13751801e+02, 1.00262276e+02, 2.13216995e+02,
    1.11131172e+02, 2.12782455e+02 ]
