%YAML:1.0
points: [ 2.22538528e+02, 1.55153931e+02, 2.31507339e+02, 1.56448257e+02,
    2.39757492e+02, 1.57672684e+02, 2.47722702e+02, 1.58718018e+02,
    2.55344894e+02, 1.59727234e+02, 2.22425842e+02, 1.68607742e+02,
    2.31425186e+02, 1.69379959e+02, 2.39980545e+02, 1.70232956e+02,
    2.48022385e+02, 1.70918991e+02, 2.55426743e+02, 1.71592667e+02,
    2.22540573e+02, 1.81593719e+02, 2.31640823e+02, 1.82253616e+02,
    2.40232132e+02, 1.82519348e+02, 2.48095398e+02, 1.83118393e+02,
    2.55656265e+02, 1.83357513e+02, 2.23089111e+02, 1.95189514e+02,
    2.32143631e+02, 1.95102448e+02, 2.40358505e+02, 1.95199203e+02,
    2.48265167e+02, 1.95224136e+02, 2.56062775e+02, 1.95335510e+02,
    2.23346085e+02, 2.08076202e+02, 2.32386322e+02, 2.07905579e+02,
    2.40442017e+02, 2.07610687e+02, 2.48579285e+02, 2.07397156e+02,
    2.55957031e+02, 2.07120468e+02, 2.23653381e+02, 2.21423492e+02,
    2.32389816e+02, 2.20688126e+02, 2.40613815e+02, 2.20098419e+02,
    2.48630524e+02, 2.19486496e+02, 2.55954849e+02, 2.18969147e+02,
    2.23625244e+02, 2.34351730e+02, 2.32494553e+02, 2.33433731e+02,
    2.40651947e+02, 2.32510452e+02, 2.48634781e+02, 2.31647186e+02,
    2.55984787e+02, 2.30768433e+02 ]
