%YAML:1.0
points: [ 1.04707385e+03, 7.06836548e+02, 1.01022687e+03, 6.98211060e+02,
    9.80138916e+02, 6.90693909e+02, 9.51138245e+02, 6.83729553e+02,
    9.25511963e+02, 6.77645203e+02, 1.04959119e+03, 6.32247559e+02,
    1.01266522e+03, 6.28231812e+02, 9.82793335e+02, 6.24474731e+02,
    9.54938965e+02, 6.21388245e+02, 9.28442505e+02, 6.18427673e+02,
    1.05190503e+03, 5.58407043e+02, 1.01525061e+03, 5.58661377e+02,
    9.85859436e+02, 5.59037537e+02, 9.58179749e+02, 5.59358154e+02,
    9.31638550e+02, 5.59474976e+02, 1.05336658e+03, 4.84647644e+02,
    1.01887585e+03, 4.89531158e+02, 9.89082947e+02, 4.93662598e+02,
    9.60295959e+02, 4.97459595e+02, 9.35051697e+02, 5.00859863e+02,
    1.05728845e+03, 4.11681183e+02, 1.02238391e+03, 4.20670807e+02,
    9.91508484e+02, 4.28780884e+02, 9.64325378e+02, 4.35808807e+02,
    9.39577881e+02, 4.42515961e+02, 1.06070654e+03, 3.39091949e+02,
    1.02470618e+03, 3.52464722e+02, 9.93716431e+02, 3.64226532e+02,
    9.66934692e+02, 3.74991028e+02, 9.42105774e+02, 3.84423065e+02,
    1.06363989e+03, 2.66775696e+02, 1.02829773e+03, 2.84521362e+02,
    9.96720337e+02, 3.00021790e+02, 9.68074097e+02, 3.13655334e+02,
    9.42857300e+02, 3.26438232e+02 ]
