%YAML:1.0
points: [ 3.54568573e+02, 2.32493256e+02, 3.45023651e+02, 2.32368881e+02,
    3.36049194e+02, 2.32407196e+02, 3.27487488e+02, 2.32313309e+02,
    3.19656830e+02, 2.32320129e+02, 3.54013519e+02, 2.18360809e+02,
    3.44397491e+02, 2.18947388e+02, 3.35657257e+02, 2.19189682e+02,
    3.27491302e+02, 2.19687836e+02, 3.19788086e+02, 2.19952545e+02,
    3.53961121e+02, 2.04567001e+02, 3.44298370e+02, 2.05437134e+02,
    3.35370239e+02, 2.06353516e+02, 3.27209900e+02, 2.07106339e+02,
    3.19797150e+02, 2.07858170e+02, 3.53555389e+02, 1.90659393e+02,
    3.44156891e+02, 1.91996567e+02, 3.35453461e+02, 1.93269333e+02,
    3.27331757e+02, 1.94521973e+02, 3.19933441e+02, 1.95589355e+02,
    3.53659729e+02, 1.76875412e+02, 3.44217896e+02, 1.78713120e+02,
    3.35489471e+02, 1.80393326e+02, 3.27272888e+02, 1.81938492e+02,
    3.19787262e+02, 1.83545486e+02, 3.53423950e+02, 1.63139313e+02,
    3.44111572e+02, 1.65459015e+02, 3.35391846e+02, 1.67496277e+02,
    3.27274536e+02, 1.69578018e+02, 3.19790863e+02, 1.71357666e+02,
    3.53264252e+02, 1.49489868e+02, 3.44085175e+02, 1.52146713e+02,
    3.35274078e+02, 1.54717270e+02, 3.27052124e+02, 1.57089020e+02,
    3.19518738e+02, 1.59406677e+02 ]
