%YAML:1.0
points: [ 1.01945532e+03, 6.27669678e+02, 1.02872620e+03, 6.27781738e+02,
    1.02872620e+03, 6.27781799e+02, 1.04956238e+03, 6.28259216e+02,
    1.04956250e+03, 6.28259216e+02, 1.01945532e+03, 6.27669678e+02,
    1.02872620e+03, 6.27781738e+02, 1.02883508e+03, 6.39256165e+02,
    1.03991077e+03, 6.39422852e+02, 1.04948145e+03, 6.39255371e+02,
    1.01941028e+03, 6.48686646e+02, 1.02883508e+03, 6.39256165e+02,
    1.03991028e+03, 6.39422913e+02, 1.03991077e+03, 6.39422852e+02,
    1.04948145e+03, 6.39255371e+02, 1.01941022e+03, 6.48686646e+02,
    1.02913525e+03, 6.48495056e+02, 1.03992529e+03, 6.48638794e+02,
    1.03992566e+03, 6.48638855e+02, 1.05008777e+03, 6.60413879e+02,
    1.01960095e+03, 6.70306091e+02, 1.02893201e+03, 6.70043335e+02,
    1.02893201e+03, 6.70043335e+02, 1.05017798e+03, 6.70290833e+02,
    1.05017798e+03, 6.70290833e+02, 1.01929602e+03, 6.79895325e+02,
    1.02893188e+03, 6.70043518e+02, 1.02893188e+03, 6.70043518e+02,
    1.04994519e+03, 6.81288147e+02, 1.04994543e+03, 6.81288147e+02,
    1.01929602e+03, 6.79895386e+02, 1.02880176e+03, 6.80348389e+02,
    1.02880176e+03, 6.80348389e+02, 1.04994519e+03, 6.81288147e+02,
    1.04994543e+03, 6.81288147e+02 ]
