%YAML:1.0
points: [ 4.86557709e+02, 2.27098709e+02, 4.74052612e+02, 2.27400604e+02,
    4.61866821e+02, 2.27418533e+02, 4.50168701e+02, 2.27634857e+02,
    4.38608154e+02, 2.27646530e+02, 4.85769440e+02, 2.15724472e+02,
    4.73300385e+02, 2.15908096e+02, 4.61188019e+02, 2.16304184e+02,
    4.49428833e+02, 2.16654984e+02, 4.37807312e+02, 2.16886444e+02,
    4.84942596e+02, 2.03849991e+02, 4.72519409e+02, 2.04772049e+02,
    4.60512970e+02, 2.05065857e+02, 4.48618774e+02, 2.05722122e+02,
    4.37003510e+02, 2.05986679e+02, 4.84203918e+02, 1.92489258e+02,
    4.71737732e+02, 1.93062271e+02, 4.59686340e+02, 1.93914459e+02,
    4.47846954e+02, 1.94705124e+02, 4.36355988e+02, 1.95431198e+02,
    4.83477081e+02, 1.80673706e+02, 4.70933960e+02, 1.81767090e+02,
    4.58838470e+02, 1.82662552e+02, 4.47123047e+02, 1.83640121e+02,
    4.35694550e+02, 1.84478790e+02, 4.82675781e+02, 1.69085861e+02,
    4.70088470e+02, 1.70136475e+02, 4.58030579e+02, 1.71410797e+02,
    4.46379547e+02, 1.72622360e+02, 4.34878479e+02, 1.73787033e+02,
    4.81765533e+02, 1.57308655e+02, 4.69295502e+02, 1.58780960e+02,
    4.57269958e+02, 1.60143005e+02, 4.45408081e+02, 1.61616470e+02,
    4.33943451e+02, 1.62833252e+02 ]
