%YAML:1.0
points: [ 2.91848877e+02, 3.02472443e+02, 3.01547638e+02, 3.03058319e+02,
    3.11489899e+02, 3.03442841e+02, 3.21405792e+02, 3.03978027e+02,
    3.31613312e+02, 3.04365112e+02, 2.91548004e+02, 3.12639252e+02,
    3.01431366e+02, 3.13254578e+02, 3.11347870e+02, 3.13647858e+02,
    3.21499908e+02, 3.14235565e+02, 3.31720276e+02, 3.14709747e+02,
    2.91191437e+02, 3.22932648e+02, 3.01246460e+02, 3.23485077e+02,
    3.11293152e+02, 3.24190186e+02, 3.21513000e+02, 3.24774231e+02,
    3.31768372e+02, 3.25309265e+02, 2.90843292e+02, 3.33413177e+02,
    3.00964600e+02, 3.34206940e+02, 3.11147736e+02, 3.34806305e+02,
    3.21389801e+02, 3.35393250e+02, 3.31861176e+02, 3.36078766e+02,
    2.90521393e+02, 3.44373291e+02, 3.00752228e+02, 3.44958557e+02,
    3.10909393e+02, 3.45516907e+02, 3.21452545e+02, 3.46306549e+02,
    3.31780243e+02, 3.46954956e+02, 2.90175812e+02, 3.55150085e+02,
    3.00528351e+02, 3.55989532e+02, 3.10861389e+02, 3.56686859e+02,
    3.21320374e+02, 3.57374390e+02, 3.31978790e+02, 3.58129181e+02,
    2.89757477e+02, 3.66342590e+02, 3.00254364e+02, 3.67219666e+02,
    3.10701538e+02, 3.67966339e+02, 3.21313568e+02, 3.68754089e+02,
    3.31807129e+02, 3.69447815e+02 ]
