%YAML:1.0
points: [ 1.64300812e+02, 1.79810318e+02, 1.69397003e+02, 1.80318115e+02,
    1.74145844e+02, 1.80597931e+02, 1.74145859e+02, 1.80597916e+02,
    1.78992706e+02, 1.80774963e+02, 1.64300812e+02, 1.79810318e+02,
    1.69193680e+02, 1.84977234e+02, 1.73984863e+02, 1.85306198e+02,
    1.73984863e+02, 1.85306198e+02, 1.78992706e+02, 1.80774963e+02,
    1.63958191e+02, 1.84648758e+02, 1.69193695e+02, 1.84977264e+02,
    1.73984879e+02, 1.85306198e+02, 1.73984879e+02, 1.85306198e+02,
    1.78839066e+02, 1.85605057e+02, 1.63588913e+02, 1.89424911e+02,
    1.63642441e+02, 1.94523972e+02, 1.73865494e+02, 1.90152466e+02,
    1.73865494e+02, 1.90152466e+02, 1.78353699e+02, 1.90277588e+02,
    1.63642441e+02, 1.94523987e+02, 1.68687347e+02, 1.94812302e+02,
    1.73553833e+02, 1.94909698e+02, 1.73553833e+02, 1.94909698e+02,
    1.78133041e+02, 2.00320175e+02, 1.63132507e+02, 2.04422623e+02,
    1.68140488e+02, 2.04717209e+02, 1.68140488e+02, 2.04717224e+02,
    1.73349533e+02, 1.99982910e+02, 1.78097504e+02, 2.04957397e+02,
    1.63132507e+02, 2.04422623e+02, 1.68140488e+02, 2.04717224e+02,
    1.72890884e+02, 2.04697586e+02, 1.72890884e+02, 2.04697601e+02,
    1.78097519e+02, 2.04957413e+02 ]
