%YAML:1.0
points: [ 6.24186646e+02, 6.88241394e+02, 6.12859985e+02, 6.88681458e+02,
    6.01806458e+02, 6.97268250e+02, 6.01144165e+02, 6.88799683e+02,
    5.90859863e+02, 6.88461182e+02, 6.25199707e+02, 6.76714783e+02,
    6.12859985e+02, 6.88681335e+02, 6.12859863e+02, 6.88681335e+02,
    6.01144165e+02, 6.88799683e+02, 5.90859863e+02, 6.88461182e+02,
    6.25199707e+02, 6.76714783e+02, 6.12555603e+02, 6.77027405e+02,
    6.01470947e+02, 6.77302063e+02, 6.01470886e+02, 6.77302124e+02,
    5.90711365e+02, 6.77789124e+02, 6.24249268e+02, 6.53885498e+02,
    6.12584961e+02, 6.65592163e+02, 6.12103149e+02, 6.54582520e+02,
    6.01505310e+02, 6.66338928e+02, 5.90942139e+02, 6.66465759e+02,
    6.24442871e+02, 6.43392944e+02, 6.12562378e+02, 6.43490051e+02,
    6.01584595e+02, 6.43463196e+02, 6.01584534e+02, 6.43463196e+02,
    5.90650696e+02, 6.43344910e+02, 6.33091248e+02, 6.43563660e+02,
    6.12562378e+02, 6.43489990e+02, 6.12562317e+02, 6.43489990e+02,
    6.01584534e+02, 6.43463135e+02, 5.89700989e+02, 6.32538086e+02,
    6.23644409e+02, 6.33023071e+02, 6.11903870e+02, 6.32779480e+02,
    6.11903809e+02, 6.32779541e+02, 5.89700989e+02, 6.32538086e+02,
    5.89700989e+02, 6.32538086e+02 ]
