%YAML:1.0
points: [ 1.68261182e+03, 6.35154907e+02, 1.69085266e+03, 6.36154724e+02,
    1.71676941e+03, 6.36907898e+02, 1.71676978e+03, 6.36907776e+02,
    1.73851660e+03, 6.37747437e+02, 1.68261169e+03, 6.35154968e+02,
    1.69085266e+03, 6.36154785e+02, 1.70413269e+03, 6.47065613e+02,
    1.72379688e+03, 6.48120117e+02, 1.73613110e+03, 6.48726379e+02,
    1.68305579e+03, 6.45649475e+02, 1.70413245e+03, 6.47065674e+02,
    1.70413269e+03, 6.47065613e+02, 1.71701172e+03, 6.58186340e+02,
    1.73805261e+03, 6.59431702e+02, 1.68265479e+03, 6.66788330e+02,
    1.69096558e+03, 6.56738281e+02, 1.71704639e+03, 6.68722351e+02,
    1.71704700e+03, 6.68722534e+02, 1.73585254e+03, 6.70099670e+02,
    1.68237427e+03, 6.77129089e+02, 1.69091394e+03, 6.77822754e+02,
    1.71662708e+03, 6.79600647e+02, 1.71662720e+03, 6.79600708e+02,
    1.73699390e+03, 6.80804871e+02, 1.68259534e+03, 6.87691650e+02,
    1.69091394e+03, 6.77822754e+02, 1.70418567e+03, 6.89286438e+02,
    1.71646887e+03, 6.90178528e+02, 1.73562085e+03, 6.91509094e+02,
    1.68259534e+03, 6.87691711e+02, 1.70418555e+03, 6.89286377e+02,
    1.70418567e+03, 6.89286438e+02, 1.72322534e+03, 6.90433838e+02,
    1.73562085e+03, 6.91509094e+02 ]
