%YAML:1.0
points: [ 4.80119232e+02, 2.10661789e+02, 4.75997101e+02, 2.10958603e+02,
    4.75997101e+02, 2.10958603e+02, 4.71286224e+02, 2.11417923e+02,
    4.65644928e+02, 2.11786072e+02, 4.80607666e+02, 2.06477875e+02,
    4.76067383e+02, 2.08746765e+02, 4.76067383e+02, 2.08746765e+02,
    4.71286224e+02, 2.11417892e+02, 4.65369659e+02, 2.06655579e+02,
    4.80607697e+02, 2.06477844e+02, 4.76131042e+02, 2.06598984e+02,
    4.70587463e+02, 2.04332626e+02, 4.65317291e+02, 2.02216965e+02,
    4.65317291e+02, 2.02216965e+02, 4.81044464e+02, 2.01657394e+02,
    4.74952942e+02, 1.96587555e+02, 4.70284241e+02, 1.97190186e+02,
    4.65352020e+02, 1.99557678e+02, 4.65352020e+02, 1.99557678e+02,
    4.79787903e+02, 1.91932175e+02, 4.74715179e+02, 1.94587128e+02,
    4.70284271e+02, 1.97190170e+02, 4.70284271e+02, 1.97190170e+02,
    4.65183624e+02, 1.95020203e+02, 4.79849152e+02, 1.87323975e+02,
    4.74732117e+02, 1.92778549e+02, 4.70503937e+02, 1.92972305e+02,
    4.70399384e+02, 1.90710052e+02, 4.64802155e+02, 1.87776962e+02,
    4.79849152e+02, 1.87323959e+02, 4.75297150e+02, 1.87703430e+02,
    4.69961426e+02, 1.87801270e+02, 4.64615845e+02, 1.86732086e+02,
    4.64615906e+02, 1.86732147e+02 ]
