%YAML:1.0
points: [ 3.22271667e+02, 7.10264587e+01, 3.17181610e+02, 7.17655106e+01,
    3.17181610e+02, 7.17655029e+01, 3.12398834e+02, 7.22652512e+01,
    3.07256927e+02, 7.29973984e+01, 3.22271667e+02, 7.10264511e+01,
    3.22271667e+02, 7.10264511e+01, 3.16579254e+02, 6.62975845e+01,
    3.11758148e+02, 6.70977478e+01, 3.06731110e+02, 6.76761093e+01,
    3.21645813e+02, 6.55360565e+01, 3.16072388e+02, 6.09746094e+01,
    3.11758148e+02, 6.70977478e+01, 3.06731110e+02, 6.76761093e+01,
    3.06731110e+02, 6.76761017e+01, 3.20774170e+02, 5.48082352e+01,
    3.16072418e+02, 6.09746132e+01, 3.16072418e+02, 6.09746094e+01,
    3.11481171e+02, 6.16924400e+01, 3.05766144e+02, 5.70915871e+01,
    3.20774170e+02, 5.48082352e+01, 3.15968719e+02, 5.56439743e+01,
    3.10904572e+02, 5.64356728e+01, 3.05608459e+02, 5.17619514e+01,
    3.05766113e+02, 5.70915833e+01, 3.20225861e+02, 4.94796524e+01,
    3.15160736e+02, 5.03066177e+01, 3.10259918e+02, 5.10426254e+01,
    3.10259918e+02, 5.10426216e+01, 3.05608459e+02, 5.17619476e+01,
    3.19985901e+02, 4.45356407e+01, 3.19985901e+02, 4.45356331e+01,
    3.15209167e+02, 4.52513275e+01, 3.05287842e+02, 4.68535461e+01,
    3.05287842e+02, 4.68535461e+01 ]
