%YAML:1.0
points: [ 2.03147293e+02, 9.85634689e+01, 2.03147293e+02, 9.85634766e+01,
    1.99408295e+02, 9.88034439e+01, 1.95403656e+02, 9.90832901e+01,
    1.95403641e+02, 9.90832901e+01, 2.05629868e+02, 9.59505386e+01,
    2.03103867e+02, 9.58293533e+01, 1.99483917e+02, 9.60160599e+01,
    1.95388962e+02, 9.60470428e+01, 1.92376236e+02, 9.57926788e+01,
    2.05619446e+02, 9.11674271e+01, 2.03089935e+02, 9.12573929e+01,
    1.99411163e+02, 9.14660110e+01, 1.95443146e+02, 9.16280746e+01,
    1.92391556e+02, 9.15742264e+01, 2.02829346e+02, 8.66689453e+01,
    2.02829346e+02, 8.66689453e+01, 1.99406815e+02, 8.66461639e+01,
    1.95474579e+02, 8.72150116e+01, 1.92268555e+02, 8.72813873e+01,
    2.02543381e+02, 8.24802628e+01, 2.02543381e+02, 8.24802628e+01,
    1.99227707e+02, 8.23276062e+01, 1.95405289e+02, 8.22624283e+01,
    1.95476593e+02, 7.88039932e+01, 2.02342209e+02, 7.88798294e+01,
    2.02342209e+02, 7.88798294e+01, 1.99144424e+02, 7.88537903e+01,
    1.95481216e+02, 7.88041153e+01, 1.95481216e+02, 7.88041153e+01,
    2.02342224e+02, 7.88798141e+01, 2.02342224e+02, 7.88798141e+01,
    1.99144424e+02, 7.88537903e+01, 1.95481216e+02, 7.88041153e+01,
    1.95481216e+02, 7.88041153e+01 ]
