%YAML:1.0
points: [ 4.46538483e+02, 2.12636139e+02, 4.39440948e+02, 2.08653839e+02,
    4.37636230e+02, 2.08692307e+02, 4.33150269e+02, 2.12290543e+02,
    4.29457581e+02, 2.12671661e+02, 4.46694183e+02, 2.08402725e+02,
    4.39440948e+02, 2.08653870e+02, 4.37636230e+02, 2.08692307e+02,
    4.33148834e+02, 2.09243637e+02, 4.30415588e+02, 2.09331665e+02,
    4.46051727e+02, 2.03653366e+02, 4.39324219e+02, 2.04941177e+02,
    4.37149231e+02, 2.04952209e+02, 4.32924469e+02, 2.05102264e+02,
    4.29203522e+02, 2.05278320e+02, 4.43657379e+02, 1.99882843e+02,
    4.36369324e+02, 2.00708359e+02, 4.35263397e+02, 2.00704651e+02,
    4.32767853e+02, 2.00733139e+02, 4.28967590e+02, 2.00995789e+02,
    4.43646881e+02, 1.96090607e+02, 4.41282745e+02, 1.96277863e+02,
    4.34623383e+02, 1.96907455e+02, 4.32159363e+02, 1.96856247e+02,
    4.28907104e+02, 1.97054855e+02, 4.43191559e+02, 1.92169586e+02,
    4.38519135e+02, 1.92501465e+02, 4.31682312e+02, 1.93111115e+02,
    4.31682312e+02, 1.93111115e+02, 4.29859467e+02, 1.93130524e+02,
    4.43191498e+02, 1.92169556e+02, 4.38519135e+02, 1.92501434e+02,
    4.31682312e+02, 1.93111115e+02, 4.31666687e+02, 1.89808029e+02,
    4.30040405e+02, 1.89799835e+02 ]
