%YAML:1.0
points: [ 1.21629016e+03, 2.25664032e+02, 1.21243323e+03, 2.26217041e+02,
    1.20355969e+03, 2.26626846e+02, 1.19482520e+03, 2.27536774e+02,
    1.19482520e+03, 2.27536774e+02, 1.21626941e+03, 2.21302002e+02,
    1.21240466e+03, 2.21715515e+02, 1.20369653e+03, 2.22366257e+02,
    1.19479626e+03, 2.22933105e+02, 1.19087561e+03, 2.23349991e+02,
    1.21622107e+03, 2.12511841e+02, 1.21193628e+03, 2.12535339e+02,
    1.20406421e+03, 2.13010818e+02, 1.19478589e+03, 2.13935852e+02,
    1.19030383e+03, 2.13976028e+02, 1.21099817e+03, 2.03445709e+02,
    1.21099817e+03, 2.03445709e+02, 1.20344727e+03, 2.04021225e+02,
    1.19501953e+03, 2.04734573e+02, 1.19052234e+03, 2.05323196e+02,
    1.21051306e+03, 1.95030411e+02, 1.21051318e+03, 1.95030396e+02,
    1.20350769e+03, 1.95948242e+02, 1.19542053e+03, 1.96702011e+02,
    1.19020593e+03, 1.97399323e+02, 1.21048914e+03, 1.86763412e+02,
    1.21048914e+03, 1.86763412e+02, 1.20296875e+03, 1.87438538e+02,
    1.19514807e+03, 1.88348724e+02, 1.19041833e+03, 1.88783127e+02,
    1.21545874e+03, 1.81746246e+02, 1.21051147e+03, 1.81929703e+02,
    1.20256519e+03, 1.82678543e+02, 1.19479358e+03, 1.83288437e+02,
    1.19034314e+03, 1.83727234e+02 ]
