%YAML:1.0
points: [ 1.23228442e+03, 4.96542664e+02, 1.22792688e+03, 4.96268463e+02,
    1.21923096e+03, 4.96525177e+02, 1.21113757e+03, 4.90895294e+02,
    1.20438342e+03, 4.97265259e+02, 1.23400684e+03, 4.91562805e+02,
    1.22767761e+03, 4.91398682e+02, 1.21913733e+03, 4.91223358e+02,
    1.21113745e+03, 4.90895294e+02, 1.20617029e+03, 4.91247589e+02,
    1.23170471e+03, 4.83204773e+02, 1.22696631e+03, 4.83153778e+02,
    1.21878931e+03, 4.82993103e+02, 1.21096216e+03, 4.83063721e+02,
    1.20641760e+03, 4.83006165e+02, 1.23190063e+03, 4.74154419e+02,
    1.22745483e+03, 4.74203461e+02, 1.21922021e+03, 4.73918915e+02,
    1.21084717e+03, 4.74469604e+02, 1.20484949e+03, 4.74549530e+02,
    1.23187195e+03, 4.66217316e+02, 1.22746277e+03, 4.65983856e+02,
    1.21931396e+03, 4.65996704e+02, 1.21080847e+03, 4.66048065e+02,
    1.20480530e+03, 4.66235321e+02, 1.23193494e+03, 4.57573822e+02,
    1.22759229e+03, 4.57686523e+02, 1.21944812e+03, 4.58205353e+02,
    1.21080420e+03, 4.58261169e+02, 1.20477283e+03, 4.58559937e+02,
    1.23200623e+03, 4.51525818e+02, 1.22770398e+03, 4.51385193e+02,
    1.21967151e+03, 4.51473846e+02, 1.21083252e+03, 4.51677948e+02,
    1.20647168e+03, 4.51852722e+02 ]
