%YAML:1.0
points: [ 3.57869568e+02, 2.15469971e+02, 3.57869537e+02, 2.15470001e+02,
    3.53544189e+02, 2.15615540e+02, 3.49203339e+02, 2.15844070e+02,
    3.45878357e+02, 2.15789825e+02, 3.57624664e+02, 2.12565155e+02,
    3.57624634e+02, 2.12565170e+02, 3.53263397e+02, 2.12318451e+02,
    3.49024384e+02, 2.12583496e+02, 3.45899200e+02, 2.12959061e+02,
    3.60620789e+02, 2.08082748e+02, 3.57732025e+02, 2.08316986e+02,
    3.53207733e+02, 2.08241318e+02, 3.48946289e+02, 2.08295334e+02,
    3.45820618e+02, 2.08831421e+02, 3.57231720e+02, 2.03991150e+02,
    3.57231720e+02, 2.03991150e+02, 3.53219147e+02, 2.04020172e+02,
    3.49756989e+02, 2.04072220e+02, 3.49740234e+02, 2.04073990e+02,
    3.62064453e+02, 1.99555847e+02, 3.56506653e+02, 2.00162109e+02,
    3.53384552e+02, 2.00177826e+02, 3.53384552e+02, 2.00177826e+02,
    3.45977875e+02, 2.00544189e+02, 3.61994659e+02, 1.95964371e+02,
    3.53393097e+02, 1.96498245e+02, 3.53393036e+02, 1.96498245e+02,
    3.53393036e+02, 1.96498276e+02, 3.45889038e+02, 1.96163605e+02,
    3.61080292e+02, 1.91953796e+02, 3.53227722e+02, 1.93166061e+02,
    3.53227661e+02, 1.93166107e+02, 3.49139893e+02, 1.93041153e+02,
    3.45652008e+02, 1.92967346e+02 ]
