%YAML:1.0
points: [ 8.13443176e+02, 4.43373199e+02, 8.13443176e+02, 4.43373199e+02,
    8.06890381e+02, 4.43387177e+02, 8.00400208e+02, 4.43646729e+02,
    8.00400208e+02, 4.43646729e+02, 8.13443176e+02, 4.43373199e+02,
    8.13443176e+02, 4.43373169e+02, 8.06890381e+02, 4.43387177e+02,
    8.00400208e+02, 4.43646729e+02, 8.00400208e+02, 4.43646729e+02,
    8.12961975e+02, 4.36277283e+02, 8.12961975e+02, 4.36277283e+02,
    8.06732544e+02, 4.36252686e+02, 8.00460388e+02, 4.36495819e+02,
    8.00460388e+02, 4.36495819e+02, 8.12745422e+02, 4.29415863e+02,
    8.12745422e+02, 4.29415863e+02, 8.06488342e+02, 4.29329651e+02,
    7.99928589e+02, 4.29447418e+02, 7.99928589e+02, 4.29447418e+02,
    8.12596069e+02, 4.23044128e+02, 8.12596069e+02, 4.23044128e+02,
    8.06311401e+02, 4.22895477e+02, 7.99572998e+02, 4.22928101e+02,
    7.99572937e+02, 4.22928162e+02, 8.12545776e+02, 4.15668457e+02,
    8.12545776e+02, 4.15668488e+02, 8.06274902e+02, 4.15934967e+02,
    7.99575806e+02, 4.16106659e+02, 7.99575745e+02, 4.16106689e+02,
    8.12415161e+02, 4.09910065e+02, 8.12415161e+02, 4.09910065e+02,
    8.06274902e+02, 4.15934967e+02, 7.99575806e+02, 4.16106659e+02,
    7.99575806e+02, 4.16106659e+02 ]
