%YAML:1.0
points: [ 7.91422791e+02, 2.67375275e+02, 7.91422791e+02, 2.67375275e+02,
    7.85190674e+02, 2.67497406e+02, 7.78347534e+02, 2.67723907e+02,
    7.78347534e+02, 2.67723907e+02, 7.91422791e+02, 2.67375275e+02,
    7.91422791e+02, 2.67375244e+02, 7.85190674e+02, 2.67497406e+02,
    7.78347534e+02, 2.67723907e+02, 7.78347534e+02, 2.67723907e+02,
    7.91340820e+02, 2.60728241e+02, 7.91340820e+02, 2.60728241e+02,
    7.84789673e+02, 2.60884003e+02, 7.78060974e+02, 2.60864960e+02,
    7.78060974e+02, 2.60864960e+02, 7.91113464e+02, 2.54169815e+02,
    7.91113464e+02, 2.54169815e+02, 7.84528320e+02, 2.54165695e+02,
    7.77705688e+02, 2.54183563e+02, 7.77705688e+02, 2.54183578e+02,
    7.90677246e+02, 2.47119171e+02, 7.90677246e+02, 2.47119156e+02,
    7.84282654e+02, 2.47251877e+02, 7.77452881e+02, 2.47197784e+02,
    7.77452881e+02, 2.47197800e+02, 7.90471252e+02, 2.40100159e+02,
    7.90471252e+02, 2.40100143e+02, 7.83878479e+02, 2.40414627e+02,
    7.76947510e+02, 2.40244247e+02, 7.76947510e+02, 2.40244247e+02,
    7.90471191e+02, 2.40100143e+02, 7.90471191e+02, 2.40100143e+02,
    7.83878601e+02, 2.40414642e+02, 7.76947510e+02, 2.40244247e+02,
    7.76947510e+02, 2.40244247e+02 ]
