%YAML:1.0
depthShift: -6.4792846038595160e+00
