%YAML:1.0
rotation: !!opencv-matrix
   rows: 3
   cols: 3
   dt: d
   data: [ 9.9966047454631268e-01, -6.9012068449463646e-03,
       2.5125862650349644e-02, 7.0041155878862067e-03,
       9.9996743048597936e-01, -4.0100289399965898e-03,
       -2.5097370274044632e-02, 4.1846518793498422e-03,
       9.9967625294090889e-01 ]
translation: !!opencv-matrix
   rows: 3
   cols: 1
   dt: d
   data: [ -5.3084797638333500e-02, -1.2606020733343620e-03,
       -1.0758826117863291e-02 ]
essential: !!opencv-matrix
   rows: 3
   cols: 3
   dt: d
   data: [ 1.0699385872218437e-04, 1.0753200527289909e-02,
       -1.3033371612134587e-03, -1.2087462044796467e-02,
       2.9639028265034421e-04, 5.2797286803899217e-02,
       8.8836200822505753e-04, -5.3091768367929781e-02,
       2.4454528935492510e-04 ]
fundamental: !!opencv-matrix
   rows: 3
   cols: 3
   dt: d
   data: [ 5.2770343816044964e-08, 5.3031882823458240e-06,
       -1.3422797191283730e-03, -5.9520996884611780e-06,
       1.4593762104408840e-07, 1.1103765502049447e-02,
       3.5768409835558140e-03, -3.2808702492445489e-02, 1. ]
