%YAML:1.0
cameraMatrix: !!opencv-matrix
   rows: 3
   cols: 3
   dt: d
   data: [ 1.0532586936999544e+03, 0., 9.3076061285361470e+02, 0.,
       1.0591404590206264e+03, 5.1821057570052892e+02, 0., 0., 1. ]
distortionCoefficients: !!opencv-matrix
   rows: 1
   cols: 5
   dt: d
   data: [ 3.0849403387664714e-02, -2.0712458169794463e-02,
       -6.3098796802961961e-03, -8.4959690099367727e-03,
       -3.5279038432682250e-02 ]
rotation: !!opencv-matrix
   rows: 3
   cols: 3
   dt: d
   data: [ 1., 0., 0., 0., 1., 0., 0., 0., 1. ]
projection: !!opencv-matrix
   rows: 4
   cols: 4
   dt: d
   data: [ 1.0532586936999544e+03, 0., 9.3076061285361470e+02, 0., 0.,
       1.0591404590206264e+03, 5.1821057570052892e+02, 0., 0., 0., 1.,
       0., 0., 0., 0., 1. ]
