%YAML:1.0
cameraMatrix: !!opencv-matrix
   rows: 3
   cols: 3
   dt: d
   data: [ 3.6735783234387264e+02, 0., 2.6597365644054986e+02, 0.,
       3.6738470790489936e+02, 2.0593273505266265e+02, 0., 0., 1. ]
distortionCoefficients: !!opencv-matrix
   rows: 1
   cols: 5
   dt: d
   data: [ 1.3922333415355903e-01, -4.4185294298403976e-01,
       -3.7510604110066407e-03, 2.6882452140778797e-03,
       2.6907982573002609e-01 ]
rotation: !!opencv-matrix
   rows: 3
   cols: 3
   dt: d
   data: [ 1., 0., 0., 0., 1., 0., 0., 0., 1. ]
projection: !!opencv-matrix
   rows: 4
   cols: 4
   dt: d
   data: [ 3.6735783234387264e+02, 0., 2.6597365644054986e+02, 0., 0.,
       3.6738470790489936e+02, 2.0593273505266265e+02, 0., 0., 0., 1.,
       0., 0., 0., 0., 1. ]
