sensor:
  height: 1.0
  vertical: [0.0, -1.0, 0.0]

stairs:
  - origin: [-0.0767748, 0.820252, 2.60578]
    direction: [-0.57, 0, 0.82]
    rise: 0.184
    run: 0.273
    width: 1.1684
